# Wavelength [m]   SNR per bin for 1h  Input flux
5.128205128205128777e-06 3.731898412135434273e-02 1.159717632532048270e+02
5.391190006574621756e-06 5.139304717914443266e-02 1.458742398577525705e+02
5.667661288963063898e-06 7.184054950096523118e-02 1.864204352385194454e+02
5.958310585832965371e-06 1.006336284836428091e-01 2.390448117374716901e+02
6.263864974850040409e-06 1.410203472809976877e-01 3.073043730764511565e+02
6.585088819714145393e-06 2.030580150876251655e-01 4.072747564931785291e+02
6.922785682263588573e-06 2.834792134261630570e-01 5.258729758829871344e+02
7.277800332636080186e-06 3.828997542754848937e-01 6.615397486648787435e+02
7.651020862514852638e-06 5.173044584683252900e-01 8.403786519790799048e+02
8.043380906746383326e-06 6.662483447210273413e-01 1.030468010808759800e+03
8.455861978887223540e-06 8.528370012002816081e-01 1.275180631545547840e+03
8.889495926522466033e-06 1.040388091425725081e+00 1.530234301483954368e+03
9.345367512497975982e-06 1.243665490161461218e+00 1.832385332643945958e+03
9.824617128523513169e-06 1.415768567397103217e+00 2.126122552607765556e+03
1.032844364793497669e-05 1.570632761222747531e+00 2.440669568460170012e+03
1.085810742475215519e-05 1.674924735500362916e+00 2.725631378334495821e+03
1.141493344653431617e-05 1.736387658430665892e+00 2.984762057815235039e+03
1.200031464892068997e-05 1.759714282739997415e+00 3.213115974148700843e+03
1.261571540014739320e-05 1.734254739871967432e+00 3.374176648576908974e+03
1.326267516425751601e-05 1.682168170820142583e+00 3.491263902141352901e+03
1.394281235216815686e-05 1.606654395847034955e+00 3.556232327333344529e+03
1.465782837022806264e-05 1.506311680179863721e+00 3.551510872528561322e+03
1.540951187639360510e-05 1.396127951040534665e+00 3.499880673646554442e+03
1.619974325467020093e-05 1.283131826965721478e+00 3.412351563887221346e+03
1.703049931901225869e-05 1.165176149395082517e+00 3.279080371980527161e+03
1.790385825844878834e-05 1.046248386054746016e+00 3.107757221188068797e+03
1.882200483580513724e-05 9.335812117642445784e-01 2.919279429065021759e+03
1.964627747835013302e-05 7.158098726313422144e-01 1.980902811270026859e+03
