5.000000000000000000e+00 2.602111380017077953e-14
5.037593984962406068e+00 2.700499751706385149e-14
5.075187969924812137e+00 2.800294391080055409e-14
5.112781954887218205e+00 2.901438235935033272e-14
5.150375939849624274e+00 3.003873170348500623e-14
5.187969924812030342e+00 3.107540149651953599e-14
5.225563909774436411e+00 3.212379322914683738e-14
5.263157894736842479e+00 3.318330152680938656e-14
5.300751879699248548e+00 3.425331531732604106e-14
5.338345864661653728e+00 3.533321896675973062e-14
5.375939849624059796e+00 3.642239338176382274e-14
5.413533834586465865e+00 3.752021707689001316e-14
5.451127819548871933e+00 3.862606720557016878e-14
5.488721804511278002e+00 3.973932055370189124e-14
5.526315789473684070e+00 4.085935449497683193e-14
5.563909774436090139e+00 4.198554790728125836e-14
5.601503759398496207e+00 4.311728204968234664e-14
5.639097744360902276e+00 4.425394139968201762e-14
5.676691729323308344e+00 4.539491445057952234e-14
5.714285714285714413e+00 4.653959446892684168e-14
5.751879699248120481e+00 4.768738021220017705e-14
5.789473684210526550e+00 4.883767660693070338e-14
5.827067669172932618e+00 4.998989538765380626e-14
5.864661654135337798e+00 5.114345569713701214e-14
5.902255639097743867e+00 5.229778464844127547e-14
5.939849624060149935e+00 5.345231784945517439e-14
5.977443609022556004e+00 5.460649989061354857e-14
6.015037593984962072e+00 5.575978479658150100e-14
6.052631578947368141e+00 5.691163644274164764e-14
6.090225563909774209e+00 5.806152893737542821e-14
6.127819548872180277e+00 5.920894697046838101e-14
6.165413533834586346e+00 6.035338613011264682e-14
6.203007518796992414e+00 6.149435318750587944e-14
6.240601503759398483e+00 6.263136635157193058e-14
6.278195488721804551e+00 6.376395549424989394e-14
6.315789473684210620e+00 6.489166234750873367e-14
6.353383458646616688e+00 6.601404067315918677e-14
6.390977443609022757e+00 6.713065640653478054e-14
6.428571428571428825e+00 6.824108777511920823e-14
6.466165413533834894e+00 6.934492539319306533e-14
6.503759398496240962e+00 7.044177233356733193e-14
6.541353383458647031e+00 7.153124417746357786e-14
6.578947368421053099e+00 7.261296904358727360e-14
6.616541353383458279e+00 7.368658759742959631e-14
6.654135338345864348e+00 7.475175304181442753e-14
6.691729323308270416e+00 7.580813108969199211e-14
6.729323308270676485e+00 7.685539992015743934e-14
6.766917293233082553e+00 7.789325011865548925e-14
6.804511278195488622e+00 7.892138460230644282e-14
6.842105263157894690e+00 7.993951853126756184e-14
6.879699248120300759e+00 8.094737920701815160e-14
6.917293233082706827e+00 8.194470595843114562e-14
6.954887218045112895e+00 8.293125001646964427e-14
6.992481203007518964e+00 8.390677437831929327e-14
7.030075187969924144e+00 8.487105366173997332e-14
7.067669172932330213e+00 8.582387395039525609e-14
7.105263157894736281e+00 8.676503263089006113e-14
7.142857142857142350e+00 8.769433822221873888e-14
7.180451127819548418e+00 8.861161019830088925e-14
7.218045112781954487e+00 8.951667880425391506e-14
7.255639097744360555e+00 9.040938486702451307e-14
7.293233082706766623e+00 9.128957960097652925e-14
7.330827067669172692e+00 9.215712440900433183e-14
7.368421052631578760e+00 9.301189067971655901e-14
7.406015037593984829e+00 9.385375958121071265e-14
7.443609022556390897e+00 9.468262185193165521e-14
7.481203007518796966e+00 9.549837758908567269e-14
7.518796992481203034e+00 9.630093603505734388e-14
7.556390977443609103e+00 9.709021536225103531e-14
7.593984962406015171e+00 9.786614245676098199e-14
7.631578947368421240e+00 9.862865270124747121e-14
7.669172932330827308e+00 9.937768975737859734e-14
7.706766917293233377e+00 1.001132053481736427e-13
7.744360902255639445e+00 1.008351590405684374e-13
7.781954887218045513e+00 1.015435180284979218e-13
7.819548872180451582e+00 1.022382569167785128e-13
7.857142857142856762e+00 1.029193575060492226e-13
7.894736842105262831e+00 1.035868085790199892e-13
7.932330827067668899e+00 1.042406056882491855e-13
7.969924812030074968e+00 1.048807509456681462e-13
8.007518796992481924e+00 1.055072528140436165e-13
8.045112781954887993e+00 1.061201259005642305e-13
8.082706766917294061e+00 1.067193907527133497e-13
8.120300751879700130e+00 1.073050736565870905e-13
8.157894736842106198e+00 1.078772064377931914e-13
8.195488721804510490e+00 1.084358262650638372e-13
8.233082706766916559e+00 1.089809754566942983e-13
8.270676691729322627e+00 1.095127012899160555e-13
8.308270676691728696e+00 1.100310558132962742e-13
8.345864661654134764e+00 1.105360956622505263e-13
8.383458646616540832e+00 1.110278818777388635e-13
8.421052631578946901e+00 1.115064797282166670e-13
8.458646616541352969e+00 1.119719585348892849e-13
8.496240601503759038e+00 1.124243915003259671e-13
8.533834586466165106e+00 1.128638555404676445e-13
8.571428571428571175e+00 1.132904311200656085e-13
8.609022556390977243e+00 1.137042020915739511e-13
8.646616541353383312e+00 1.141052555375176865e-13
8.684210526315789380e+00 1.144936816163480438e-13
8.721804511278195449e+00 1.148695734117940401e-13
8.759398496240601517e+00 1.152330267857094780e-13
8.796992481203007586e+00 1.155841402344164274e-13
8.834586466165413654e+00 1.159230147485330230e-13
8.872180451127819723e+00 1.162497536762760119e-13
8.909774436090225791e+00 1.165644625902210360e-13
8.947368421052631859e+00 1.168672491574990914e-13
8.984962406015037928e+00 1.171582230134072535e-13
9.022556390977442220e+00 1.174374956384040324e-13
9.060150375939848288e+00 1.177051802384614382e-13
9.097744360902254357e+00 1.179613916287393752e-13
9.135338345864660425e+00 1.182062461205457870e-13
9.172932330827066494e+00 1.184398614115474385e-13
9.210526315789472562e+00 1.186623564791876132e-13
9.248120300751878631e+00 1.188738514772707401e-13
9.285714285714284699e+00 1.190744676356701772e-13
9.323308270676690768e+00 1.192643271631113163e-13
9.360902255639096836e+00 1.194435531529867657e-13
9.398496240601502905e+00 1.196122694921509029e-13
9.436090225563908973e+00 1.197706007726494694e-13
9.473684210526315042e+00 1.199186722063285461e-13
9.511278195488721110e+00 1.200566095422777979e-13
9.548872180451127178e+00 1.201845389870493483e-13
9.586466165413533247e+00 1.203025871276075762e-13
9.624060150375939315e+00 1.204108808569486456e-13
9.661654135338345384e+00 1.205095473023450359e-13
9.699248120300751452e+00 1.205987137561539589e-13
9.736842105263157521e+00 1.206785076091416739e-13
9.774436090225563589e+00 1.207490562862664232e-13
9.812030075187969658e+00 1.208104871848691736e-13
9.849624060150375726e+00 1.208629276152144308e-13
9.887218045112781795e+00 1.209065047433333418e-13
9.924812030075187863e+00 1.209413455361090549e-13
9.962406015037593932e+00 1.209675767085583949e-13
1.000000000000000000e+01 1.209853246732502787e-13
1.003759398496240607e+01 1.209947154918147512e-13
1.007518796992481214e+01 1.209958748284857167e-13
1.011278195488721821e+01 1.209889279056297322e-13
1.015037593984962427e+01 1.209739994612077748e-13
1.018796992481203034e+01 1.209512137081195220e-13
1.022556390977443641e+01 1.209206942953836951e-13
1.026315789473684248e+01 1.208825642710992861e-13
1.030075187969924855e+01 1.208369460471462406e-13
1.033834586466165462e+01 1.207839613655720818e-13
1.037593984962406068e+01 1.207237312666205018e-13
1.041353383458646675e+01 1.206563760583543853e-13
1.045112781954887282e+01 1.205820152878285600e-13
1.048872180451127889e+01 1.205007677137651952e-13
1.052631578947368496e+01 1.204127512806913055e-13
1.056390977443609103e+01 1.203180830944904755e-13
1.060150375939849710e+01 1.202168793993310882e-13
1.063909774436090316e+01 1.201092555559245367e-13
1.067669172932330923e+01 1.199953260210760304e-13
1.071428571428571352e+01 1.198752043284860433e-13
1.075187969924811959e+01 1.197490030707628969e-13
1.078947368421052566e+01 1.196168338826088148e-13
1.082706766917293173e+01 1.194788074251411290e-13
1.086466165413533780e+01 1.193350333713107735e-13
1.090225563909774387e+01 1.191856203923837319e-13
1.093984962406014994e+01 1.190306761454483089e-13
1.097744360902255600e+01 1.188703072619148249e-13
1.101503759398496207e+01 1.187046193369724211e-13
1.105263157894736814e+01 1.185337169199724283e-13
1.109022556390977421e+01 1.183577035057021266e-13
1.112781954887218028e+01 1.181766815265223136e-13
1.116541353383458635e+01 1.179907523453337451e-13
1.120300751879699241e+01 1.178000162493443515e-13
1.124060150375939848e+01 1.176045724446077198e-13
1.127819548872180455e+01 1.174045190513052515e-13
1.131578947368421062e+01 1.171999530997416266e-13
1.135338345864661491e+01 1.169909705270299220e-13
1.139097744360902098e+01 1.167776661744365957e-13
1.142857142857142705e+01 1.165601337853647041e-13
1.146616541353383312e+01 1.163384660039458424e-13
1.150375939849623919e+01 1.161127543742198549e-13
1.154135338345864525e+01 1.158830893398778811e-13
1.157894736842105132e+01 1.156495602445447555e-13
1.161654135338345739e+01 1.154122553325799854e-13
1.165413533834586346e+01 1.151712617503741330e-13
1.169172932330826953e+01 1.149266655481204584e-13
1.172932330827067560e+01 1.146785516820417036e-13
1.176691729323308166e+01 1.144270040170500305e-13
1.180451127819548773e+01 1.141721053298243355e-13
1.184210526315789380e+01 1.139139373122824998e-13
1.187969924812029987e+01 1.136525805754328106e-13
1.191729323308270594e+01 1.133881146535869698e-13
1.195488721804511201e+01 1.131206180089149526e-13
1.199248120300751808e+01 1.128501680363298354e-13
1.203007518796992414e+01 1.125768410686808612e-13
1.206766917293233021e+01 1.123007123822447949e-13
1.210526315789473628e+01 1.120218562024963841e-13
1.214285714285714235e+01 1.117403457101451139e-13
1.218045112781954842e+01 1.114562530474241325e-13
1.221804511278195449e+01 1.111696493246176016e-13
1.225563909774436055e+01 1.108806046268130808e-13
1.229323308270676662e+01 1.105891880208655917e-13
1.233082706766917269e+01 1.102954675625629487e-13
1.236842105263157876e+01 1.099995103039781574e-13
1.240601503759398483e+01 1.097013823009989339e-13
1.244360902255639090e+01 1.094011486210220271e-13
1.248120300751879697e+01 1.090988733508031420e-13
1.251879699248120303e+01 1.087946196044507004e-13
1.255639097744360910e+01 1.084884495315532420e-13
1.259398496240601517e+01 1.081804243254331048e-13
1.263157894736842124e+01 1.078706042315137030e-13
1.266917293233082731e+01 1.075590485557944427e-13
1.270676691729323338e+01 1.072458156734224081e-13
1.274436090225563945e+01 1.069309630373544085e-13
1.278195488721804551e+01 1.066145471870994371e-13
1.281954887218045158e+01 1.062966237575352082e-13
1.285714285714285765e+01 1.059772474877909072e-13
1.289473684210526372e+01 1.056564722301890115e-13
1.293233082706766979e+01 1.053343509592388976e-13
1.296992481203007586e+01 1.050109357806763291e-13
1.300751879699248015e+01 1.046862779405422357e-13
1.304511278195488622e+01 1.043604278342940318e-13
1.308270676691729228e+01 1.040334350159451188e-13
1.312030075187969835e+01 1.037053482072246078e-13
1.315789473684210442e+01 1.033762153067549404e-13
1.319548872180451049e+01 1.030460833992389749e-13
1.323308270676691656e+01 1.027149987646545707e-13
1.327067669172932263e+01 1.023830068874491470e-13
1.330827067669172870e+01 1.020501524657323736e-13
1.334586466165413476e+01 1.017164794204606197e-13
1.338345864661654083e+01 1.013820309046096012e-13
1.342105263157894690e+01 1.010468493123320591e-13
1.345864661654135297e+01 1.007109762880952797e-13
1.349624060150375904e+01 1.003744527357962129e-13
1.353383458646616511e+01 1.000373188278494268e-13
1.357142857142857117e+01 9.969961401424607125e-14
1.360902255639097724e+01 9.936137703157898903e-14
1.364661654135338331e+01 9.902264591203334483e-14
1.368421052631578938e+01 9.868345799233657401e-14
1.372180451127819545e+01 9.834384992266921657e-14
1.375939849624060152e+01 9.800385767552942918e-14
1.379699248120300759e+01 9.766351655455351030e-14
1.383458646616541365e+01 9.732286120328550914e-14
1.387218045112781972e+01 9.698192561389801351e-14
1.390977443609022579e+01 9.664074313585833591e-14
1.394736842105263186e+01 9.629934648454134742e-14
1.398496240601503793e+01 9.595776774978447854e-14
1.402255639097744222e+01 9.561603840438535412e-14
1.406015037593984829e+01 9.527418931253870490e-14
1.409774436090225436e+01 9.493225073821227808e-14
1.413533834586466043e+01 9.459025235346003017e-14
1.417293233082706649e+01 9.424822324667017900e-14
1.421052631578947256e+01 9.390619193074916228e-14
1.424812030075187863e+01 9.356418635123782985e-14
1.428571428571428470e+01 9.322223389436091724e-14
1.432330827067669077e+01 9.288036139500701117e-14
1.436090225563909684e+01 9.253859514463995348e-14
1.439849624060150290e+01 9.219696089913889426e-14
1.443609022556390897e+01 9.185548388656825618e-14
1.447368421052631504e+01 9.151418881487468192e-14
1.451127819548872111e+01 9.117309987951294622e-14
1.454887218045112718e+01 9.083224077099734900e-14
1.458646616541353325e+01 9.049163468238113907e-14
1.462406015037593932e+01 9.015130431666051022e-14
1.466165413533834538e+01 8.981127189410552968e-14
1.469924812030075145e+01 8.947155915951539928e-14
1.473684210526315752e+01 8.913218738939951294e-14
1.477443609022556359e+01 8.879317739908287210e-14
1.481203007518796966e+01 8.845454954973609849e-14
1.484962406015037573e+01 8.811632375533053680e-14
1.488721804511278179e+01 8.777851948951667994e-14
1.492481203007518786e+01 8.744115579242806286e-14
1.496240601503759393e+01 8.710425127740861785e-14
1.500000000000000000e+01 8.676782413766495549e-14
1.503759398496240607e+01 8.643189215284234708e-14
1.507518796992481214e+01 8.609647269552616278e-14
1.511278195488721821e+01 8.576158273766694805e-14
1.515037593984962427e+01 8.542723885693085492e-14
1.518796992481203034e+01 8.509345724297486009e-14
1.522556390977443641e+01 8.476025370364722426e-14
1.526315789473684070e+01 8.442764367111316747e-14
1.530075187969924677e+01 8.409564220790649246e-14
1.533834586466165284e+01 8.376426401290709298e-14
1.537593984962405891e+01 8.343352342724452375e-14
1.541353383458646498e+01 8.310343444012873018e-14
1.545112781954887105e+01 8.277401069460705425e-14
1.548872180451127711e+01 8.244526549324959922e-14
1.552631578947368318e+01 8.211721180376114830e-14
1.556390977443608925e+01 8.178986226452243914e-14
1.560150375939849532e+01 8.146322919005920398e-14
1.563909774436090139e+01 8.113732457644103270e-14
1.567669172932330746e+01 8.081216010660879667e-14
1.571428571428571352e+01 8.048774715563337219e-14
1.575187969924811959e+01 8.016409679590375784e-14
1.578947368421052566e+01 7.984121980224668074e-14
1.582706766917293173e+01 7.951912665697786860e-14
1.586466165413533780e+01 7.919782755488522722e-14
1.590225563909774387e+01 7.887733240814437798e-14
1.593984962406014994e+01 7.855765085116771637e-14
1.597744360902255600e+01 7.823879224538725677e-14
1.601503759398496385e+01 7.792076568397103609e-14
1.605263157894736992e+01 7.760357999647547470e-14
1.609022556390977599e+01 7.728724375343181364e-14
1.612781954887218205e+01 7.697176527086967030e-14
1.616541353383458812e+01 7.665715261477660164e-14
1.620300751879699419e+01 7.634341360549521485e-14
1.624060150375940026e+01 7.603055582205740900e-14
1.627819548872180633e+01 7.571858660645762823e-14
1.631578947368421240e+01 7.540751306786496249e-14
1.635338345864661846e+01 7.509734208677467637e-14
1.639097744360902453e+01 7.478808031909982229e-14
1.642857142857142705e+01 7.447973420020413735e-14
1.646616541353383312e+01 7.417230994887581964e-14
1.650375939849623919e+01 7.386581357124392603e-14
1.654135338345864525e+01 7.356025086463678554e-14
1.657894736842105132e+01 7.325562742138417005e-14
1.661654135338345739e+01 7.295194863256328552e-14
1.665413533834586346e+01 7.264921969168926522e-14
1.669172932330826953e+01 7.234744559835041753e-14
1.672932330827067560e+01 7.204663116178986898e-14
1.676691729323308166e+01 7.174678100443321142e-14
1.680451127819548773e+01 7.144789956536333959e-14
1.684210526315789380e+01 7.114999110374225210e-14
1.687969924812029987e+01 7.085305970218207493e-14
1.691729323308270594e+01 7.055710927006414637e-14
1.695488721804511201e+01 7.026214354680782941e-14
1.699248120300751808e+01 6.996816610508944288e-14
1.703007518796992414e+01 6.967518035401138712e-14
1.706766917293233021e+01 6.938318954222309221e-14
1.710526315789473628e+01 6.909219676099361234e-14
1.714285714285714235e+01 6.880220494723637092e-14
1.718045112781954842e+01 6.851321688648735662e-14
1.721804511278195449e+01 6.822523521583649264e-14
1.725563909774436055e+01 6.793826242681388312e-14
1.729323308270676662e+01 6.765230086823011630e-14
1.733082706766917269e+01 6.736735274897223999e-14
1.736842105263157876e+01 6.708342014075587640e-14
1.740601503759398483e+01 6.680050498083351416e-14
1.744360902255639090e+01 6.651860907466005038e-14
1.748120300751879697e+01 6.623773409851601190e-14
1.751879699248120303e+01 6.595788160208867030e-14
1.755639097744360910e+01 6.567905301101248959e-14
1.759398496240601517e+01 6.540124962936828803e-14
1.763157894736842124e+01 6.512447264214248988e-14
1.766917293233082376e+01 6.484872311764671964e-14
1.770676691729322982e+01 6.457400200989843271e-14
1.774436090225563589e+01 6.430031016096296148e-14
1.778195488721804196e+01 6.402764830325719102e-14
1.781954887218044803e+01 6.375601706181636674e-14
1.785714285714285410e+01 6.348541695652332692e-14
1.789473684210526017e+01 6.321584840430156129e-14
1.793233082706766623e+01 6.294731172127237325e-14
1.796992481203007230e+01 6.267980712487609530e-14
1.800751879699247837e+01 6.241333473595914992e-14
1.804511278195488444e+01 6.214789458082564329e-14
1.808270676691729051e+01 6.188348659325596572e-14
1.812030075187969658e+01 6.162011061649101025e-14
1.815789473684210265e+01 6.135776640518406704e-14
1.819548872180450871e+01 6.109645362731947191e-14
1.823308270676691478e+01 6.083617186609990238e-14
1.827067669172932085e+01 6.057692062180134941e-14
1.830827067669172692e+01 6.031869931359740559e-14
1.834586466165413299e+01 6.006150728135254158e-14
1.838345864661653906e+01 5.980534378738529227e-14
1.842105263157894512e+01 5.955020801820136532e-14
1.845864661654135119e+01 5.929609908619760587e-14
1.849624060150375726e+01 5.904301603133704491e-14
1.853383458646616333e+01 5.879095782279479131e-14
1.857142857142856940e+01 5.853992336057677433e-14
1.860902255639097547e+01 5.828991147710979697e-14
1.864661654135338154e+01 5.804092093880514659e-14
1.868421052631578760e+01 5.779295044759467751e-14
1.872180451127819367e+01 5.754599864244072868e-14
1.875939849624059974e+01 5.730006410081983842e-14
1.879699248120300581e+01 5.705514534018091288e-14
1.883458646616541188e+01 5.681124081937799304e-14
1.887218045112781795e+01 5.656834894007781606e-14
1.890977443609022401e+01 5.632646804814336372e-14
1.894736842105263008e+01 5.608559643499293724e-14
1.898496240601503615e+01 5.584573233893524441e-14
1.902255639097744222e+01 5.560687394648147718e-14
1.906015037593984829e+01 5.536901939363381822e-14
1.909774436090225436e+01 5.513216676715174558e-14
1.913533834586466043e+01 5.489631410579546690e-14
1.917293233082706649e+01 5.466145940154753040e-14
1.921052631578947256e+01 5.442760060081278965e-14
1.924812030075187863e+01 5.419473560559694282e-14
1.928571428571428470e+01 5.396286227466402512e-14
1.932330827067669077e+01 5.373197842467313842e-14
1.936090225563909684e+01 5.350208183129499239e-14
1.939849624060150290e+01 5.327317023030818133e-14
1.943609022556390897e+01 5.304524131867581518e-14
1.947368421052631504e+01 5.281829275560278255e-14
1.951127819548872111e+01 5.259232216357358864e-14
1.954887218045112718e+01 5.236732712937172772e-14
1.958646616541353325e+01 5.214330520508038781e-14
1.962406015037593932e+01 5.192025390906479082e-14
1.966165413533834538e+01 5.169817072693660969e-14
1.969924812030075145e+01 5.147705311250092965e-14
1.973684210526315752e+01 5.125689848868568416e-14
1.977443609022556359e+01 5.103770424845384943e-14
1.981203007518796966e+01 5.081946775569900357e-14
1.984962406015037573e+01 5.060218634612425640e-14
1.988721804511278179e+01 5.038585732810487838e-14
1.992481203007518786e+01 5.017047798353489348e-14
1.996240601503759393e+01 4.995604556865779389e-14
2.000000000000000000e+01 4.974255731488190036e-14
