3.100000000000000089e+00 7.922246961820015310e-01
3.200000000000000178e+00 7.675154198153599783e-01
3.299999999999999822e+00 7.853359007349296483e-01
3.400000000000000355e+00 6.616099778789424901e-01
3.500000000000000000e+00 6.720564126071065791e-01
3.600000000000000533e+00 6.465026178547440550e-01
3.700000000000000178e+00 6.175606070642517542e-01
3.800000000000000711e+00 5.875879295873610575e-01
3.900000000000000355e+00 5.732377856643893210e-01
4.000000000000000888e+00 5.640075431889026714e-01
4.100000000000000533e+00 5.605837518153460319e-01
4.200000000000000178e+00 5.654109046496328395e-01
4.299999999999999822e+00 5.794181695081203065e-01
4.399999999999999467e+00 6.088766907067204581e-01
4.499999999999999112e+00 6.477240358401278320e-01
4.599999999999999645e+00 6.955385401103651999e-01
4.699999999999998401e+00 7.634188118057749772e-01
4.799999999999998934e+00 8.343219644571243654e-01
4.899999999999997691e+00 9.243171283986809650e-01
4.999999999999997335e+00 1.009350333750081763e+00
5.099999999999996980e+00 1.127912347917484848e+00
5.199999999999996625e+00 1.272665118384051386e+00
5.299999999999997158e+00 1.419159778848816167e+00
5.399999999999995026e+00 1.565650725206850558e+00
5.499999999999995559e+00 1.719881512054195705e+00
5.599999999999995204e+00 1.873659922203867900e+00
5.699999999999994849e+00 2.019516064923614795e+00
5.799999999999994493e+00 2.176458146340349842e+00
5.899999999999994138e+00 2.334529102385623833e+00
5.999999999999993783e+00 2.496435355750713292e+00
6.099999999999993427e+00 2.660911663690680662e+00
6.199999999999993072e+00 2.828373990225144130e+00
6.299999999999991829e+00 2.970994695339415959e+00
6.399999999999991473e+00 3.118963786268847294e+00
6.499999999999991118e+00 3.269455067236828327e+00
6.599999999999991651e+00 3.422960568666058911e+00
6.699999999999991296e+00 3.589851812624116789e+00
6.799999999999990941e+00 3.788080436540739893e+00
6.899999999999991473e+00 3.954326733945980887e+00
6.999999999999989342e+00 4.124521113694246566e+00
7.099999999999988987e+00 4.315529742070485675e+00
7.199999999999989519e+00 4.517092455822681707e+00
7.299999999999990941e+00 4.708526404294796741e+00
7.399999999999988809e+00 4.909197149372562130e+00
7.499999999999988454e+00 5.102031869514645379e+00
7.599999999999988098e+00 5.255737286352705873e+00
7.699999999999986855e+00 5.319524421027121086e+00
7.799999999999987388e+00 5.304569734367984957e+00
7.899999999999986144e+00 5.133495375951188322e+00
7.999999999999986677e+00 4.857452615050968703e+00
8.099999999999987210e+00 4.455833307378362917e+00
8.199999999999986855e+00 4.154412418755755176e+00
8.299999999999988276e+00 4.105350389144911460e+00
8.399999999999986144e+00 4.225424410516564144e+00
8.499999999999985789e+00 4.413416076461798454e+00
8.599999999999985434e+00 4.855386855339247631e+00
8.699999999999985079e+00 4.802582291431964912e+00
8.799999999999986500e+00 4.584637129854892912e+00
8.899999999999984368e+00 4.441737920157135200e+00
8.999999999999984013e+00 4.351526862709471644e+00
9.099999999999983658e+00 4.256232623401006165e+00
9.199999999999983302e+00 4.191696767956264225e+00
9.299999999999982947e+00 4.397160852078807913e+00
9.399999999999982592e+00 5.119705984039215174e+00
9.499999999999982236e+00 5.801130913616809437e+00
9.599999999999983658e+00 6.090628293246559188e+00
9.699999999999981526e+00 6.273034755532754581e+00
9.799999999999981171e+00 6.437113273062892382e+00
9.899999999999980815e+00 6.572996841146556690e+00
9.999999999999980460e+00 6.698510841563739326e+00
1.009999999999998010e+01 6.808084438614677047e+00
1.019999999999997975e+01 6.897688834268405955e+00
1.029999999999997939e+01 6.951979966469204797e+00
1.039999999999997904e+01 7.003672772176227745e+00
1.049999999999997691e+01 7.053199341269968947e+00
1.059999999999997833e+01 7.063062042280085606e+00
1.069999999999997797e+01 7.102945084778840013e+00
1.079999999999997762e+01 7.130422068129446345e+00
1.089999999999997726e+01 7.143588786615159059e+00
1.099999999999997691e+01 7.177733949276626113e+00
1.109999999999997478e+01 7.209504586753818778e+00
1.119999999999997797e+01 7.238670072612033657e+00
1.129999999999997584e+01 7.265329652871932886e+00
1.139999999999997549e+01 7.291349523854527170e+00
1.149999999999997513e+01 7.293332165499008646e+00
1.159999999999997655e+01 7.301171601934763444e+00
1.169999999999997442e+01 7.311892927185859925e+00
1.179999999999997229e+01 7.326952274263585529e+00
1.189999999999997193e+01 7.339789589431930494e+00
1.199999999999997158e+01 7.350420360024595645e+00
1.209999999999997300e+01 7.359533665830875648e+00
1.219999999999997442e+01 7.400827602358032387e+00
1.229999999999997229e+01 7.370348411836901370e+00
1.239999999999997193e+01 7.125010806749769721e+00
1.249999999999997158e+01 6.993937942888334369e+00
1.259999999999996945e+01 7.070293491349206150e+00
1.269999999999997087e+01 7.046694015796299837e+00
1.279999999999997051e+01 7.013637673316718946e+00
1.289999999999997016e+01 7.084318654807508331e+00
1.299999999999996980e+01 7.175872027966637035e+00
1.309999999999996945e+01 7.217848368556627037e+00
1.319999999999996732e+01 7.210334829743566765e+00
1.329999999999996696e+01 7.200021727783300740e+00
1.339999999999996660e+01 7.188503936630585400e+00
1.349999999999996980e+01 7.175733072270866764e+00
1.359999999999996945e+01 7.161753729728095763e+00
1.369999999999996732e+01 7.146609131791781699e+00
1.379999999999996696e+01 7.130478863467986095e+00
1.389999999999996483e+01 7.115907978220536556e+00
1.399999999999996625e+01 7.065957767984350824e+00
1.409999999999996767e+01 7.044846096636434574e+00
1.419999999999996554e+01 7.037734854753475489e+00
1.429999999999996341e+01 6.997615195625625617e+00
1.439999999999996483e+01 6.907851970538924746e+00
1.449999999999996447e+01 6.856382011244611441e+00
1.459999999999996412e+01 6.854054098052970723e+00
1.469999999999996376e+01 6.830810114831633584e+00
1.479999999999996163e+01 6.806696341710916087e+00
1.489999999999996305e+01 6.781873497170308518e+00
1.499999999999996270e+01 6.756403400130482240e+00
1.509999999999996412e+01 6.731308317479503422e+00
1.519999999999996021e+01 6.677256419943099708e+00
1.529999999999996163e+01 6.645106295184696421e+00
1.539999999999996128e+01 6.597255032899800753e+00
1.549999999999996092e+01 6.540057144384226362e+00
1.559999999999996056e+01 6.491229035239636680e+00
1.569999999999996021e+01 6.435649232939364417e+00
1.579999999999995808e+01 6.398625154652416214e+00
1.589999999999995950e+01 6.347178706527213166e+00
1.599999999999995914e+01 6.304532431939405157e+00
1.609999999999995524e+01 6.250444855020884205e+00
1.619999999999995666e+01 6.223201538950299927e+00
1.629999999999996163e+01 6.153840227530345430e+00
1.639999999999996305e+01 6.094603777628369912e+00
1.649999999999996447e+01 6.039286128541473175e+00
1.659999999999996589e+01 6.003659215390280579e+00
1.669999999999996732e+01 5.961165169828045229e+00
1.679999999999996874e+01 5.910203823883382057e+00
1.689999999999997016e+01 5.879426707205760216e+00
1.699999999999997158e+01 5.837535154195414577e+00
1.709999999999996945e+01 5.807761733018206307e+00
1.719999999999997087e+01 5.769349666825831058e+00
1.729999999999997584e+01 5.725821724566209525e+00
1.739999999999997726e+01 5.685747182465927807e+00
1.749999999999997868e+01 5.632863929632508260e+00
1.759999999999998010e+01 5.588717883334733294e+00
1.769999999999998153e+01 5.532266125115994804e+00
1.779999999999998295e+01 5.449172871147919039e+00
1.789999999999998792e+01 5.291212446489757859e+00
1.799999999999998579e+01 5.184597093692909553e+00
1.809999999999998721e+01 5.007469546167190977e+00
1.819999999999998863e+01 4.873306835919168023e+00
1.829999999999999005e+01 4.796637851632950422e+00
1.839999999999999147e+01 4.757903838895441773e+00
1.849999999999999289e+01 4.755944371303344909e+00
1.859999999999999787e+01 4.763774600676935478e+00
1.869999999999999574e+01 4.773409952782835752e+00
1.879999999999999361e+01 4.768173595990862879e+00
1.889999999999999858e+01 4.754958278936521232e+00
1.900000000000000000e+01 4.725925180463221409e+00
1.910000000000000142e+01 4.661478601188172810e+00
1.920000000000000284e+01 4.571775566829074045e+00
1.930000000000000426e+01 4.467673991870983130e+00
1.940000000000000924e+01 4.291706650653238420e+00
1.950000000000000711e+01 4.055894124753401719e+00
1.960000000000000497e+01 3.712105253466439603e+00
1.970000000000000995e+01 3.384262255052517876e+00
1.980000000000001137e+01 3.174534621309480276e+00
1.990000000000001279e+01 3.038741987166230896e+00
2.000000000000001421e+01 2.940090344110727560e+00
2.010000000000001563e+01 2.860028221629604239e+00
2.020000000000001705e+01 2.793667722995099911e+00
2.030000000000001492e+01 2.740170207267209612e+00
2.040000000000001990e+01 2.699044609118793403e+00
2.050000000000002132e+01 2.662593209244224379e+00
2.060000000000002274e+01 2.637845163433027995e+00
2.070000000000002771e+01 2.616171959953030424e+00
2.080000000000002913e+01 2.603823313050823263e+00
2.090000000000002700e+01 2.596075361103358237e+00
2.100000000000002842e+01 2.599447906541042297e+00
2.110000000000002984e+01 2.608147394720943701e+00
2.120000000000003126e+01 2.622785222336677879e+00
2.130000000000003268e+01 2.649958637041448295e+00
2.140000000000003411e+01 2.671867036643610582e+00
2.150000000000003553e+01 2.705134935910140648e+00
2.160000000000003695e+01 2.736192683746328846e+00
2.170000000000003837e+01 2.764299089746647287e+00
2.180000000000003979e+01 2.781403917047346130e+00
2.190000000000004121e+01 2.795094523761925576e+00
2.200000000000004263e+01 2.808359943597935171e+00
2.210000000000004050e+01 2.852669783949557392e+00
2.220000000000004192e+01 2.919660121076687265e+00
2.230000000000004334e+01 2.997526762223032826e+00
2.240000000000004832e+01 3.064133880153324441e+00
2.250000000000004974e+01 3.117529977957040010e+00
2.260000000000005116e+01 3.134718183376267842e+00
2.270000000000005258e+01 3.146999080259150094e+00
2.280000000000005755e+01 3.159509114607065960e+00
2.290000000000005542e+01 3.167321271416425166e+00
2.300000000000005684e+01 3.160514631077443681e+00
2.310000000000005826e+01 3.150745756016936294e+00
2.320000000000005969e+01 3.145741726685957751e+00
2.330000000000005755e+01 3.139220628944618952e+00
2.340000000000006253e+01 3.119585344805898774e+00
2.350000000000006395e+01 3.100774199810862441e+00
2.360000000000006537e+01 3.091203522425440386e+00
2.370000000000006679e+01 3.084602279136369418e+00
2.380000000000006821e+01 3.065784563641277050e+00
2.390000000000006963e+01 3.047328949091909323e+00
2.400000000000007105e+01 3.028898575591077336e+00
2.410000000000007248e+01 3.004949123678164469e+00
2.420000000000007390e+01 2.996187405937326798e+00
2.430000000000007887e+01 2.994150383207065946e+00
2.440000000000007674e+01 3.002335136266171212e+00
2.450000000000008171e+01 3.024565606377489946e+00
2.460000000000007958e+01 3.078950954675485630e+00
2.470000000000008100e+01 3.166274640230207993e+00
2.480000000000008242e+01 3.321344608473243643e+00
2.490000000000008384e+01 3.556071768919121023e+00
