3.046373772019900006e+00 4.590203085302695940e-01
3.500000000000000000e+00 1.007303507453806146e+00
3.600000000000000089e+00 1.184770756716466256e+00
3.700000000000000178e+00 1.378642934827313260e+00
3.799999999999999822e+00 1.594652095265183034e+00
3.899999999999999911e+00 1.825852110758087177e+00
4.000000000000000000e+00 2.071122109108675780e+00
4.099999999999999645e+00 2.339252101915208382e+00
4.200000000000000178e+00 2.629859836221083214e+00
4.299999999999999822e+00 2.938277666178549907e+00
4.400000000000000355e+00 3.252896301185026928e+00
4.500000000000000000e+00 3.588002082561139616e+00
4.599999999999999645e+00 3.931409166235866781e+00
4.700000000000000178e+00 4.285975501073094662e+00
4.799999999999999822e+00 4.641913464177214621e+00
4.900000000000000355e+00 5.012471491438700966e+00
5.000000000000000000e+00 5.363363117713340955e+00
5.099999999999999645e+00 5.728320323142297887e+00
5.200000000000000178e+00 6.117527667845818584e+00
5.299999999999999822e+00 6.497498838609297778e+00
5.400000000000000355e+00 6.871514171348626299e+00
5.500000000000000000e+00 7.300646561367710063e+00
5.599999999999999645e+00 7.725325198104945557e+00
5.700000000000000178e+00 8.151737045971684026e+00
5.799999999999999822e+00 8.628312585735837814e+00
5.899999999999989697e+00 8.986570012698985366e+00
5.999999999999990230e+00 9.460613231657891475e+00
6.099999999999989875e+00 9.832745386676577937e+00
6.199999999999990408e+00 1.008317396921308529e+01
6.299999999999990052e+00 1.032027652957654240e+01
6.399999999999989697e+00 1.058680216096545657e+01
6.499999999999990230e+00 1.090654415978973013e+01
6.599999999999989875e+00 1.128811711093713654e+01
6.699999999999990408e+00 1.167227652254749337e+01
6.799999999999990052e+00 1.188519203511254219e+01
6.899999999999989697e+00 1.207645153870839572e+01
6.999999999999990230e+00 1.226961991219849324e+01
7.099999999999989875e+00 1.249198410492258482e+01
7.199999999999990408e+00 1.272451226880603770e+01
7.299999999999990052e+00 1.298645099934372915e+01
7.399999999999989697e+00 1.317321185338652789e+01
7.499999999999990230e+00 1.336805826157464772e+01
7.599999999999989875e+00 1.354265680614011380e+01
7.699999999999990408e+00 1.370117557864993074e+01
7.799999999999990052e+00 1.381069452919864915e+01
7.899999999999989697e+00 1.387058336655921842e+01
7.999999999999990230e+00 1.393709001455331453e+01
8.099999999999990763e+00 1.397618509809465159e+01
8.199999999999990408e+00 1.418416259175045013e+01
8.299999999999990052e+00 1.437458408255838016e+01
8.399999999999989697e+00 1.452866924335073584e+01
8.499999999999989342e+00 1.472393847536473110e+01
8.599999999999990763e+00 1.494079292632022771e+01
8.699999999999990408e+00 1.506740378924037138e+01
8.799999999999990052e+00 1.521749974381562431e+01
8.899999999999980815e+00 1.542668244093138874e+01
8.999999999999980460e+00 1.551803465193264309e+01
9.099999999999980105e+00 1.557459090180198835e+01
9.199999999999979750e+00 1.555600760477928546e+01
9.299999999999979394e+00 1.559736533547303772e+01
9.399999999999980815e+00 1.563004969944488920e+01
9.499999999999980460e+00 1.545323139292577963e+01
9.599999999999980105e+00 1.532541837247463867e+01
9.699999999999979750e+00 1.563401397833085760e+01
9.799999999999979394e+00 1.580943188251175791e+01
9.899999999999980815e+00 1.595913865917312613e+01
9.999999999999980460e+00 1.610604111699156249e+01
1.009999999999999964e+01 1.612611795058954911e+01
1.019999999999999929e+01 1.613523729927347006e+01
1.030000000000000071e+01 1.607348840738325535e+01
1.040000000000000036e+01 1.607760819589346468e+01
1.050000000000000000e+01 1.600735076753454322e+01
1.059999999999999964e+01 1.599797196687909917e+01
1.069999999999999929e+01 1.592198880383194570e+01
1.080000000000000071e+01 1.583504927620304592e+01
1.090000000000000036e+01 1.581536496283861304e+01
1.100000000000000000e+01 1.572347670104966255e+01
1.109999999999999964e+01 1.568392675094941069e+01
1.119999999999999929e+01 1.560221039860693892e+01
1.130000000000000071e+01 1.555291625990288651e+01
1.140000000000000036e+01 1.546361863367651956e+01
1.150000000000000000e+01 1.541597973250399889e+01
1.159999999999999964e+01 1.539890929563744848e+01
1.169999999999999929e+01 1.536414135005740000e+01
1.180000000000000071e+01 1.530870909166658578e+01
1.190000000000000036e+01 1.530041903207674281e+01
1.200000000000000000e+01 1.523572377759762198e+01
1.209999999999999964e+01 1.517200311958233172e+01
1.219999999999999929e+01 1.515097087022530786e+01
1.230000000000000071e+01 1.508208070349773422e+01
1.240000000000000036e+01 1.500984885825230108e+01
1.250000000000000000e+01 1.493567730077999656e+01
1.259999999999999964e+01 1.485924442022131942e+01
1.269999999999999929e+01 1.476054272976848125e+01
1.280000000000000071e+01 1.466169521721616320e+01
1.290000000000000036e+01 1.453115734217054467e+01
1.300000000000000000e+01 1.444991950813531112e+01
1.309999999999999964e+01 1.432859254499749113e+01
1.319999999999999929e+01 1.424464792950160508e+01
1.330000000000000071e+01 1.411340350293790813e+01
1.340000000000000036e+01 1.402933778216610250e+01
1.350000000000000000e+01 1.390907825598516290e+01
1.359999999999999964e+01 1.381672431767002784e+01
1.369999999999999929e+01 1.373371311755072632e+01
1.380000000000000071e+01 1.360372530719493334e+01
1.390000000000000036e+01 1.351867458799091892e+01
1.400000000000000000e+01 1.338854807564048599e+01
1.409999999999999964e+01 1.330066394528231477e+01
1.419999999999999929e+01 1.320281626081603221e+01
1.430000000000000071e+01 1.308363044073414372e+01
1.440000000000000036e+01 1.295960800460495754e+01
1.450000000000000000e+01 1.283006647001962364e+01
1.459999999999999964e+01 1.269850679017883088e+01
1.469999999999999929e+01 1.256824459603909538e+01
1.480000000000000071e+01 1.244241576483628009e+01
1.490000000000000036e+01 1.232398498015068533e+01
1.500000000000000000e+01 1.225158367197453302e+01
1.509999999999999964e+01 1.224014765018326223e+01
1.519999999999999929e+01 1.220773107562270177e+01
1.530000000000000071e+01 1.211792928679012959e+01
1.540000000000000036e+01 1.202782513949989074e+01
1.550000000000000000e+01 1.191079615309707940e+01
1.559999999999999964e+01 1.178622051379029223e+01
1.569999999999999929e+01 1.164587352499704487e+01
1.580000000000000071e+01 1.151640671196226684e+01
1.590000000000000036e+01 1.139729462399676940e+01
1.600000000000000000e+01 1.134166173627827590e+01
1.610000000000000142e+01 1.125754066174924084e+01
1.619999999999999929e+01 1.117191908718401905e+01
1.630000000000000071e+01 1.104479085342950206e+01
1.639999999999999858e+01 1.091853193346400097e+01
1.650000000000000000e+01 1.079731590319638990e+01
1.660000000000000142e+01 1.069121435995058533e+01
1.669999999999999929e+01 1.057148173461833274e+01
1.680000000000000071e+01 1.044875259630881104e+01
1.689999999999999858e+01 1.033359012224473084e+01
1.700000000000000000e+01 1.025507755187834036e+01
1.710000000000000142e+01 1.020249226475054094e+01
1.719999999999999929e+01 1.014528211936443292e+01
1.730000000000000071e+01 1.007231982372328360e+01
1.739999999999999858e+01 1.001315195686894199e+01
1.750000000000000000e+01 9.934279999715693421e+00
1.760000000000000142e+01 9.855382682489922885e+00
1.769999999999999929e+01 9.776952159402963360e+00
1.780000000000000071e+01 9.699162860189051827e+00
1.789999999999999858e+01 9.619567678971387537e+00
1.800000000000000000e+01 9.521731722797307285e+00
1.810000000000000142e+01 9.444403746632998420e+00
1.819999999999999929e+01 9.345582844530680333e+00
1.830000000000000071e+01 9.271357207418590818e+00
1.839999999999999858e+01 9.196809271364250193e+00
1.850000000000000000e+01 9.122899458485578705e+00
1.860000000000000142e+01 9.025505882608525710e+00
1.869999999999999929e+01 8.954960262197712240e+00
1.880000000000000071e+01 8.882713817677739598e+00
1.889999999999999858e+01 8.810879620722307237e+00
1.900000000000000000e+01 8.717017883303919135e+00
1.910000000000000142e+01 8.648708769908337146e+00
1.919999999999999929e+01 8.586603642033661998e+00
1.930000000000000071e+01 8.529304519933491591e+00
1.939999999999999858e+01 8.460341519140319733e+00
1.950000000000000000e+01 8.391768873911065185e+00
1.960000000000000142e+01 8.323203963497853408e+00
1.969999999999999929e+01 8.274184090765089650e+00
1.980000000000000071e+01 8.208031643217010398e+00
1.989999999999999858e+01 8.140882940367985654e+00
2.000000000000000000e+01 8.054989545416098906e+00
2.010000000000000142e+01 7.991528498348311693e+00
2.019999999999999929e+01 7.938212142003241212e+00
2.030000000000000071e+01 7.879833406974136700e+00
2.039999999999999858e+01 7.815918569545666550e+00
2.050000000000000000e+01 7.752423043060512775e+00
2.060000000000000142e+01 7.689457543367984371e+00
2.069999999999999929e+01 7.627017631168715006e+00
2.080000000000000071e+01 7.565112901122629907e+00
2.089999999999999858e+01 7.504189664632622936e+00
2.100000000000000000e+01 7.460151117377525232e+00
2.110000000000000142e+01 7.398772693783441490e+00
2.119999999999999929e+01 7.338652679701715975e+00
2.130000000000000071e+01 7.279034849183949163e+00
2.139999999999999858e+01 7.220668178866202602e+00
2.150000000000000000e+01 7.176216185968308459e+00
2.160000000000000142e+01 7.134362501168706849e+00
2.169999999999999929e+01 7.093419353919347969e+00
2.180000000000000071e+01 7.041582251013950078e+00
2.189999999999999858e+01 6.990449340678843271e+00
2.200000000000000000e+01 6.949931805321456046e+00
2.210000000000000142e+01 6.919465950875938631e+00
2.219999999999999929e+01 6.880527551537083397e+00
2.230000000000000071e+01 6.843140284581351374e+00
2.240000000000010161e+01 6.817964921583610227e+00
2.250000000000009948e+01 6.797256331730053169e+00
2.260000000000000142e+01 6.776225179254425690e+00
2.270000000000009877e+01 6.736291741675739075e+00
2.280000000000010019e+01 6.631137036102318305e+00
2.290000000000010161e+01 6.496604782625506225e+00
2.300000000000009948e+01 6.286640901018454741e+00
2.310000000000010090e+01 6.082051116036387484e+00
2.320000000000009877e+01 5.898782552210799501e+00
2.330000000000010019e+01 5.743394295795366311e+00
2.340000000000010161e+01 5.599718899754991597e+00
2.350000000000009948e+01 5.445894020290797499e+00
2.360000000000010090e+01 5.307558693026821928e+00
2.370000000000009877e+01 5.179394948220684469e+00
2.380000000000010019e+01 5.057251673529856717e+00
2.390000000000010161e+01 4.942991304477613035e+00
2.400000000000009948e+01 4.830939655026221580e+00
2.410000000000010090e+01 4.720666523538588955e+00
2.420000000000009877e+01 4.620578199315022339e+00
2.430000000000010019e+01 4.528107799563067637e+00
2.440000000000010161e+01 4.436897478373199810e+00
2.450000000000009948e+01 4.342267204854230123e+00
