3.051398568297179814e+00 8.349482515467168686e-02
3.799999999999999822e+00 6.791169496155002872e-02
3.899999999999999911e+00 6.455342300413259571e-02
4.000000000000000000e+00 6.903443094559157112e-02
4.099999999999999645e+00 7.284285079517435757e-02
4.200000000000000178e+00 7.768041949714865613e-02
4.299999999999999822e+00 8.394117101557119209e-02
4.400000000000000355e+00 9.097969866113876647e-02
4.500000000000000000e+00 9.897550455987889906e-02
4.599999999999999645e+00 1.092418820048397521e-01
4.700000000000000178e+00 1.210811504717273640e-01
4.799999999999999822e+00 1.361626280369722941e-01
4.900000000000000355e+00 1.577355490716743358e-01
5.000000000000000000e+00 1.768019356663419195e-01
5.099999999999999645e+00 1.940759663297752236e-01
5.200000000000000178e+00 2.161303021241895161e-01
5.299999999999999822e+00 2.295240343455046406e-01
5.400000000000000355e+00 2.468609706979198737e-01
5.500000000000000000e+00 2.656205772398433917e-01
5.599999999999999645e+00 2.885671194439147769e-01
5.700000000000000178e+00 3.059738983703947368e-01
5.799999999999999822e+00 3.215072487551416391e-01
5.899999999999989697e+00 3.424409243648064427e-01
5.999999999999990230e+00 3.689060189939824541e-01
6.099999999999989875e+00 3.754120408058713165e-01
6.199999999999990408e+00 3.887409878814783726e-01
6.299999999999990052e+00 4.046097081974774912e-01
6.399999999999989697e+00 4.113568683235827028e-01
6.499999999999990230e+00 4.243458763573969561e-01
6.599999999999989875e+00 4.437339111229289812e-01
6.699999999999990408e+00 4.625975033678936810e-01
6.799999999999990052e+00 4.850624633576935407e-01
6.899999999999989697e+00 5.074972449231203164e-01
6.999999999999990230e+00 5.346475239956571812e-01
7.099999999999989875e+00 5.593605877080559674e-01
7.199999999999990408e+00 5.828947678105447228e-01
7.299999999999990052e+00 6.080764535098431844e-01
7.399999999999989697e+00 6.362380956209702232e-01
7.499999999999990230e+00 6.638100115384987232e-01
7.599999999999989875e+00 6.886897018260743630e-01
7.699999999999990408e+00 7.106129340916514936e-01
7.799999999999990052e+00 7.372370820542264447e-01
7.899999999999989697e+00 7.636092868341156636e-01
7.999999999999990230e+00 7.949913728941241375e-01
8.099999999999990763e+00 8.216506041081066414e-01
8.199999999999990408e+00 8.444101303993831742e-01
8.299999999999990052e+00 8.632431656555775712e-01
8.399999999999989697e+00 8.789001429476718252e-01
8.499999999999989342e+00 8.937761253278525553e-01
8.599999999999990763e+00 9.009182618142503873e-01
8.699999999999990408e+00 8.988434772848027388e-01
8.799999999999990052e+00 8.977109889945679155e-01
8.899999999999989697e+00 9.008015294730341571e-01
8.999999999999989342e+00 9.040733383448746885e-01
9.099999999999980105e+00 8.972019977019919379e-01
9.199999999999979750e+00 8.815431963095468060e-01
9.299999999999979394e+00 8.457086687550652293e-01
9.399999999999980815e+00 8.177608705241347087e-01
9.499999999999980460e+00 8.153043820373392370e-01
9.599999999999980105e+00 8.236507837582313085e-01
9.699999999999979750e+00 8.347853389209228814e-01
9.799999999999979394e+00 8.403346109595023483e-01
9.899999999999980815e+00 8.474138347908533042e-01
9.999999999999980460e+00 8.463078871260147906e-01
1.009999999999999964e+01 8.237340262802486102e-01
1.019999999999999929e+01 8.049258171209605628e-01
1.030000000000000071e+01 8.227723887927081980e-01
1.040000000000000036e+01 8.059041007753683372e-01
1.050000000000000000e+01 7.457083387602582158e-01
1.059999999999999964e+01 7.074739685681428192e-01
1.069999999999999929e+01 7.146828700013782010e-01
1.080000000000000071e+01 7.362815707523465703e-01
1.090000000000000036e+01 7.580724662256983493e-01
1.100000000000000000e+01 7.771434286247766998e-01
1.109999999999999964e+01 7.884306799577094349e-01
1.119999999999999929e+01 7.925366344488521397e-01
1.130000000000000071e+01 8.014435401197862463e-01
1.140000000000000036e+01 8.244007879063163236e-01
1.150000000000000000e+01 8.584256684237239199e-01
1.159999999999999964e+01 8.900977687322739751e-01
1.169999999999999929e+01 9.076047774808334578e-01
1.180000000000000071e+01 9.097285561902841433e-01
1.190000000000000036e+01 9.021870836154987083e-01
1.200000000000000000e+01 8.925857612471851388e-01
1.209999999999999964e+01 8.950767045619093532e-01
1.219999999999999929e+01 8.938858610964415252e-01
1.230000000000000071e+01 8.924705794067415709e-01
1.240000000000000036e+01 8.947793468821628737e-01
1.250000000000000000e+01 8.926087343221295045e-01
1.259999999999999964e+01 8.906222310563361999e-01
1.269999999999999929e+01 8.884720840002461317e-01
1.280000000000000071e+01 8.861407613506447900e-01
1.290000000000000036e+01 8.835419214138200417e-01
1.300000000000000000e+01 8.840512567705869351e-01
1.309999999999999964e+01 8.849205982378338664e-01
1.319999999999999929e+01 8.890022604469137724e-01
1.330000000000000071e+01 8.966304378125302676e-01
1.340000000000000036e+01 9.036621543222932429e-01
1.350000000000000000e+01 9.075116273583042625e-01
1.359999999999999964e+01 9.061844284217507317e-01
1.369999999999999929e+01 9.067831048888591594e-01
1.380000000000000071e+01 9.027634040705669882e-01
1.390000000000000036e+01 8.941206119497374649e-01
1.400000000000000000e+01 8.874833967495258102e-01
1.409999999999999964e+01 8.809154424777966286e-01
1.419999999999999929e+01 8.796309838259707137e-01
1.430000000000000071e+01 8.780367091750096442e-01
1.440000000000000036e+01 8.783319620651072190e-01
1.450000000000000000e+01 8.768640751288618862e-01
1.459999999999999964e+01 8.734703920959457912e-01
1.469999999999999929e+01 8.711965142464617173e-01
1.480000000000000071e+01 8.664203334116697963e-01
1.490000000000000036e+01 8.617212363895697669e-01
1.500000000000000000e+01 8.566735774701929040e-01
1.509999999999999964e+01 8.516509660077951072e-01
1.519999999999999929e+01 8.466092305062992152e-01
1.530000000000000071e+01 8.362999172594443031e-01
1.540000000000000036e+01 8.232722397252754121e-01
1.550000000000000000e+01 8.054296349906062691e-01
1.559999999999999964e+01 7.879159324883729942e-01
1.569999999999999929e+01 7.712221084034606156e-01
1.580000000000000071e+01 7.574962007097243433e-01
1.590000000000000036e+01 7.479753126546319075e-01
1.600000000000000000e+01 7.424653562299128318e-01
1.610000000000000142e+01 7.373047401727571559e-01
1.619999999999999929e+01 7.332198013948008075e-01
1.630000000000000071e+01 7.314694355092987710e-01
1.639999999999999858e+01 7.309212788299754848e-01
1.650000000000000000e+01 7.297651905440123432e-01
1.660000000000000142e+01 7.284815632161051324e-01
1.669999999999999929e+01 7.268033496233978763e-01
1.680000000000000071e+01 7.236713157655295658e-01
1.689999999999999858e+01 7.212194117694227247e-01
1.700000000000000000e+01 7.167203239371906509e-01
1.710000000000000142e+01 7.093226191071418940e-01
1.719999999999999929e+01 7.000054746698228803e-01
1.730000000000000071e+01 6.880436838376806641e-01
1.739999999999999858e+01 6.758906378283636718e-01
1.750000000000000000e+01 6.616085820358796887e-01
1.760000000000000142e+01 6.474173491968923111e-01
1.769999999999999929e+01 6.355714441412991800e-01
1.780000000000000071e+01 6.240927454295391863e-01
1.789999999999999858e+01 6.148452216867205111e-01
1.800000000000000000e+01 6.045866027024244804e-01
1.810000000000000142e+01 5.940389439582790532e-01
1.819999999999999929e+01 5.839129084541005987e-01
1.830000000000000071e+01 5.738954151950629301e-01
1.839999999999999858e+01 5.679405657895962856e-01
1.850000000000000000e+01 5.639043449750420489e-01
1.860000000000000142e+01 5.578190178594659709e-01
1.869999999999999929e+01 5.489466215701436225e-01
1.880000000000000071e+01 5.361003379151527692e-01
1.889999999999999858e+01 5.261895392137643235e-01
1.900000000000000000e+01 5.181563007377919527e-01
1.910000000000000142e+01 5.151666002761878804e-01
1.919999999999999929e+01 5.132432752954935173e-01
1.930000000000000071e+01 5.123847539892895098e-01
1.939999999999999858e+01 5.128303656659227716e-01
1.950000000000000000e+01 5.126069928723384628e-01
1.960000000000000142e+01 5.121267103962140466e-01
1.969999999999999929e+01 5.111731928986310569e-01
1.980000000000000071e+01 5.078045537656056263e-01
1.989999999999999858e+01 5.063152888120214801e-01
2.000000000000000000e+01 5.074814541364018883e-01
2.010000000000000142e+01 5.108347828897934484e-01
2.019999999999999929e+01 5.161222997871697249e-01
2.030000000000000071e+01 5.200519960648668505e-01
2.039999999999999858e+01 5.237457725417051790e-01
2.050000000000000000e+01 5.272561193204429175e-01
2.060000000000000142e+01 5.282542381007235832e-01
2.069999999999999929e+01 5.278135050329115785e-01
2.080000000000000071e+01 5.252359063580392950e-01
2.089999999999999858e+01 5.200325375542952377e-01
2.100000000000000000e+01 5.141435571165420271e-01
2.110000000000000142e+01 5.074802756280488714e-01
2.119999999999999929e+01 5.020660363683976390e-01
2.130000000000000071e+01 4.970356426518139359e-01
2.139999999999999858e+01 4.935860205965698078e-01
2.150000000000000000e+01 4.907521732496124556e-01
2.160000000000000142e+01 4.890493462968392713e-01
2.169999999999999929e+01 4.870152567762950357e-01
2.180000000000000071e+01 4.813642444597339698e-01
2.189999999999999858e+01 4.755176107935589758e-01
2.200000000000000000e+01 4.665757643285886047e-01
2.210000000000000142e+01 4.564236211578185376e-01
2.219999999999999929e+01 4.451708687068823278e-01
2.230000000000000071e+01 4.342350569966693663e-01
2.240000000000010161e+01 4.238583540105622660e-01
2.250000000000009948e+01 4.147978698942442199e-01
2.260000000000010090e+01 4.089315943192374792e-01
2.270000000000009877e+01 4.031368899352111290e-01
2.280000000000010019e+01 3.978781965929324982e-01
2.290000000000010161e+01 3.923369184228006623e-01
2.300000000000009948e+01 3.846566329822916352e-01
2.310000000000010090e+01 3.774474061352802168e-01
2.320000000000009877e+01 3.686343204819693131e-01
2.330000000000010019e+01 3.598730150476838752e-01
2.340000000000010161e+01 3.531707378612325421e-01
2.350000000000009948e+01 3.464851934328955774e-01
2.360000000000010090e+01 3.417754403011269981e-01
2.370000000000009877e+01 3.371420977160681787e-01
2.380000000000010019e+01 3.339236466077494803e-01
2.390000000000010161e+01 3.314143559677593109e-01
2.400000000000009948e+01 3.291336044375834380e-01
2.410000000000010090e+01 3.279993062478043786e-01
2.420000000000009877e+01 3.287643947819111068e-01
2.430000000000010019e+01 3.311526737443513668e-01
2.440000000000010161e+01 3.338830928848682267e-01
2.450000000000009948e+01 3.371263112271858375e-01
2.460000000000010090e+01 3.397550896967312939e-01
2.470000000000009877e+01 3.414672907264158508e-01
2.480000000000010019e+01 3.427707997503480764e-01
2.490000000000010161e+01 3.425427254411374522e-01
